<?xml version="1.0" standalone="no"?>
<!DOCTYPE svg PUBLIC "-//W3C//DTD SVG 20010904//EN"
 "http://www.w3.org/TR/2001/REC-SVG-20010904/DTD/svg10.dtd">
<svg version="1.0" xmlns="http://www.w3.org/2000/svg"
 width="1280.000000pt" height="1280.000000pt" viewBox="0 0 1280.000000 1280.000000"
 preserveAspectRatio="xMidYMid meet">
<metadata>
Created by potrace 1.15, written by Peter Selinger 2001-2017
</metadata>
<g transform="translate(0.000000,1280.000000) scale(0.100000,-0.100000)"
fill="#000000" stroke="none">
<path d="M3880 11170 c-506 -6 -496 -4 -540 -74 -19 -31 -53 -290 -300 -2263
-154 -1225 -293 -2350 -310 -2499 -76 -685 -112 -1186 -114 -1594 l-1 -285
154 -320 c85 -176 160 -330 168 -341 8 -12 33 -32 58 -45 l44 -23 403 27 c434
29 1359 92 1948 132 201 14 500 34 665 45 165 11 321 22 348 25 l47 6 1 -758
c0 -562 3 -766 12 -790 7 -17 147 -205 311 -417 315 -406 325 -416 404 -416
21 0 472 38 1002 85 1073 95 1009 85 1048 168 19 39 21 78 31 642 6 330 13
686 16 790 3 105 8 345 11 535 3 190 7 346 8 347 1 1 171 14 377 28 473 32
472 32 510 58 73 49 70 31 85 610 34 1260 39 1489 31 1524 -4 21 -20 51 -35
66 -34 36 -852 447 -889 447 l-26 0 7 423 c4 232 16 847 26 1367 25 1186 25
1252 4 1296 -31 66 -47 71 -468 156 l-391 80 -978 -15 c-909 -15 -980 -17
-1009 -34 -41 -24 -67 -61 -78 -109 -6 -22 -10 -725 -10 -1665 l0 -1626 -262
-11 c-145 -7 -334 -15 -421 -19 l-158 -6 6 34 c3 19 46 336 95 704 49 369 173
1294 275 2057 102 763 185 1405 185 1428 0 22 -9 58 -20 79 -35 70 -62 79
-358 122 l-267 38 -595 -2 c-327 -1 -800 -4 -1050 -7z"/>
</g>
</svg>
